10
1.0 0.0 0.0 0.0 0.0 0.0 0.0 0.0 0.0 0.0 
0.0 1.0 0.0 0.0 0.0 0.0 0.0 0.0 0.0 0.0 
0.0 0.0 1.0 0.0 0.0 0.0 0.0 0.0 0.0 0.0 
0.0 0.0 0.0 1.0 0.0 0.0 0.0 0.0 0.0 0.0 
0.0 0.0 0.0 0.0 1.0 0.0 0.0 0.0 0.0 0.0 
0.0 0.0 0.0 4.440892098500626e-16 0.0 1.0 0.0 0.0 0.0 0.0 
0.0 0.0 0.0 0.0 0.0 0.0 1.0 0.0 0.0 0.0 
0.0 0.0 0.0 0.0 0.0 0.0 0.0 1.0 0.0 0.0 
0.0 0.0 0.0 0.0 0.0 8.881784197001252e-16 0.0 0.0 1.0 0.0 
0.0 1.7763568394002505e-15 0.0 0.0 0.0 0.0 0.0 0.0 0.0 1.0 
-0.8482857874915397 2.1245205517598427 -0.19701820378976617 -0.07485705506078451 0.37938587752593367 -0.42025285645908567 -0.9763314686895471 -0.47913700307416773 0.7238925762218943 0.46832076324109606 
